17194 51644
53718 75143
109532 33428
82194 54368
15451 56314
451888 445164
4060 62207
41908 16616
427 8976
20671 5028
78370 69369
67876 26960
68705 106931
343379 355655
13873 82655
70349 61971
72917 109310
79711 29140
43708 7778
46757 22544
106782 106828
50407 38610
15890 109512
10870 51205
26 98799
108156 27827
18746 47028
78254 109139
52886 10983
82670 82352
35144 104881
24558 41751
32780 101635
39263 63879
278 96315
10171 26689
346936 354470
31114 107012
889 76102
558256 555819
76955 88227
31757 85908
70778 67618
102461 73759
43713 16195
10780 91125
12109 26664
16103 36666
78470 110176
85333 13135
37432 97120
99422 100184
568591 569452
860812 861451
447670 447998
50 100
65 85
169787 54007
50700 218433
159145 260706
143357 151778
229275 205917
164816 123606
110195 161280
124613 59727
199209 237903
268001 115743
140996 273569
723600 614245
561484 425330
462679 536658
709420 675589
612036 518123
632327 604320
515994 383511
601099 274528
731574 496338
379619 396489
655781 543796
71343 71383
48912 48880
86515 86480
69828 69891
911015 911074
119676 119593
979303 979299
685653 685718
18496 18448
317635 317536
25 26
18382 18386
89475 89480
574768 574767
217596 217604
312204 312198
205323 205317
642366 642361
773458 773466
189956 189952
246790 246785
40 60
70 80
